In current.waypoint komen de trajectpunten van het traject onder de volgende vorm:
latitude longitude

Bijvoorbeeld zoals hieronder weergegeven:

50.9824501559 3.7779337071
50.9824502832 3.7779335528
50.9824504105 3.7779333986
50.9824505378 3.7779332443
50.9824506651 3.7779330901
50.9824507924 3.7779329358
50.9824509197 3.7779327816
50.982451047 3.7779326273
50.9824511743 3.7779324731
50.9824513016 3.7779323188
50.9824514289 3.7779321646
50.9824515562 3.7779320103
50.9824516835 3.7779318561
50.9824518108 3.7779317018
50.9824519381 3.7779315476
50.9824520654 3.7779313933
50.9824521927 3.7779312391
50.98245232 3.7779310848
50.9824524473 3.7779309306
50.9824525746 3.7779307763
50.9824527019 3.7779306221
50.9824528292 3.7779304678
50.9824529566 3.7779303135
50.9824530839 3.7779301593
50.9824532112 3.777930005
50.9824533385 3.7779298508
50.9824534658 3.7779296965
